5 6 0.6666666666666666
7 8 0.0
0 3 1.0
2 7 0.0
3 10 0.0
3 8 0.6666666666666666
0 2 0.3333333333333333
6 8 0.6666666666666666
6 7 0.3333333333333333
4 8 0.3333333333333333
7 10 0.0
1 9 0.3333333333333333
4 10 0.0
4 9 0.0
5 10 0.3333333333333333
5 8 0.0
2 6 0.6666666666666666
4 7 0.0
3 9 0.3333333333333333
0 7 0.6666666666666666
6 9 0.3333333333333333
2 5 0.0
3 7 0.3333333333333333
1 3 1.0
1 4 1.0
7 9 0.0
0 4 1.0
1 5 0.6666666666666666
3 6 1.0
2 10 0.3333333333333333
8 9 0.0
1 10 1.0
5 9 1.0
1 7 0.3333333333333333
5 7 0.6666666666666666
9 10 0.0
2 9 0.3333333333333333
4 6 0.6666666666666666
1 8 0.3333333333333333
2 4 0.3333333333333333
1 2 1.0
3 5 1.0
6 10 0.3333333333333333
8 10 0.3333333333333333
4 5 0.6666666666666666
3 4 0.6666666666666666
0 9 0.6666666666666666
0 8 1.0
0 10 0.3333333333333333
0 1 0.6666666666666666
0 6 0.0
2 3 0.6666666666666666
1 6 0.6666666666666666
2 8 0.0
0 5 0.6666666666666666