1 6 1.0
5 8 1.0
0 10 1.0
5 10 0.5
6 7 1.0
4 8 0.3333333333333333
3 9 0.0
0 9 0.3333333333333333
1 7 0.8333333333333334
1 3 0.5
2 4 0.6666666666666666
2 6 1.0
4 7 0.6666666666666666
3 5 0.6666666666666666
5 6 1.0
6 10 1.0
0 2 0.6666666666666666
1 2 0.5
3 7 1.0
4 6 1.0
6 9 0.8333333333333334
3 4 0.6666666666666666
4 9 1.0
0 1 0.3333333333333333
0 4 1.0
1 8 1.0
8 10 1.0
2 9 1.0
3 8 0.3333333333333333
6 8 1.0
0 3 0.8333333333333334
0 7 1.0
0 8 0.6666666666666666
1 9 0.3333333333333333
1 10 0.3333333333333333
5 7 0.5
5 9 0.3333333333333333
3 6 0.3333333333333333
7 8 0.3333333333333333
7 10 0.5
9 10 0.6666666666666666
1 4 0.16666666666666666
1 5 0.3333333333333333
7 9 0.6666666666666666
4 5 0.5
3 10 0.3333333333333333
2 7 0.3333333333333333
2 10 0.5
8 9 0.0
2 5 0.5
0 5 0.3333333333333333
2 3 0.3333333333333333
2 8 0.3333333333333333
4 10 0.5
0 6 0.5