0 6 1.0
0 7 0.3333333333333333
9 10 1.0
5 10 0.6666666666666666
2 7 0.0
4 9 1.0
5 6 1.0
2 9 1.0
1 10 1.0
5 8 0.6666666666666666
3 5 0.6666666666666666
5 7 0.0
2 10 1.0
6 7 1.0
0 9 1.0
2 6 1.0
1 4 0.6666666666666666
7 8 1.0
3 6 1.0
6 9 1.0
1 9 0.6666666666666666
8 10 1.0
0 3 1.0
2 5 0.6666666666666666
2 8 0.0
1 5 1.0
7 9 1.0
1 3 0.6666666666666666
7 10 1.0
3 9 0.6666666666666666
0 5 0.6666666666666666
0 2 0.3333333333333333
4 10 1.0
5 9 0.6666666666666666
2 3 1.0
1 6 1.0
1 8 1.0
0 1 1.0
4 6 1.0
0 4 1.0
8 9 1.0
1 2 0.6666666666666666
3 8 1.0
3 7 0.6666666666666666
1 7 1.0
0 8 1.0
4 7 0.3333333333333333
4 8 0.0
6 8 1.0
0 10 1.0
4 5 0.6666666666666666
3 4 0.0
6 10 1.0
2 4 0.0
3 10 1.0