2 4 0.5
5 6 0.6666666666666666
7 9 0.6666666666666666
1 7 0.3333333333333333
3 6 0.6666666666666666
0 3 1.0
0 4 1.0
7 10 0.8333333333333334
9 10 1.0
8 10 1.0
5 9 1.0
0 6 1.0
1 5 0.6666666666666666
3 8 1.0
7 8 1.0
0 7 1.0
2 3 0.6666666666666666
3 4 0.8333333333333334
5 7 1.0
1 10 1.0
3 10 0.6666666666666666
6 10 0.6666666666666666
2 9 0.16666666666666666
0 5 1.0
8 9 0.0
4 9 1.0
4 8 0.8333333333333334
4 7 0.5
5 8 0.6666666666666666
6 7 0.16666666666666666
0 10 0.8333333333333334
0 8 0.5
4 5 1.0
2 10 0.6666666666666666
0 1 1.0
2 6 0.3333333333333333
3 9 1.0
1 9 1.0
4 10 0.3333333333333333
0 2 0.5
4 6 0.8333333333333334
6 9 0.6666666666666666
2 8 0.5
3 7 0.8333333333333334
1 3 0.5
2 7 0.6666666666666666
0 9 0.8333333333333334
5 10 1.0
2 5 0.5
3 5 0.6666666666666666
6 8 1.0
1 6 0.8333333333333334
1 4 0.8333333333333334
1 8 0.8333333333333334
1 2 0.6666666666666666